w 50 55 480 15 
w 465 55 15 50 
w 50 65 15 430 
w 100 100 15 25 
w 145 100 65 15
w 240 100 15 15
w 290 100 15 15
w 340 100 95 15
w 515 65 15 430
w 195 115 15 50
w 145 145 15 15
w 240 145 15 15
w 290 145 50 15
w 370 145 15 15
w 420 145 15 65
w 465 145 15 15
w 100 160 15 50
w 144 195 15 15
w 195 195 15 15
w 240 195 15 15
w 290 195 50 15
w 370 195 15 15
w 465 195 15 65
w 100 240 15 65
w 145 240 15 15
w 195 240 15 65
w 240 240 30 65
w 305 240 30 65
w 370 240 15 65
w 420 240 15 15
w 145 240 15 15
w 420 290 15 65
w 465 290 15 15
w 465 340 15 15
w 100 340 65 15
w 195 340 15 15
w 240 340 15 15
w 290 340 50 15
w 370 340 50 15
w 100 355 15 50
w 145 385 15 15
w 195 385 65 15
w 290 385 50 15
w 370 385 15 15
w 420 385 15 15
w 465 385 15 65
w 65 435 50 15
w 145 435 50 15
w 225 435 30 15
w 290 435 50 15
w 370 435 95 15
w 65 480 450 15
