w 50 50 480 15 
w 455 65 15 50 
w 50 65 15 430 
w 98 100 15 30 
w 145 100 65 15 
w 240 100 15 15 
w 290 100 15 15 
w 240 100 95 15 
w 515 65 15 430
w 195 115 15 50 
w 145 145 15 15 
w 70 146 15 15
w 290 146 50 15 
w 370 146 15 15 
w 420 146 15 65    
w 465 146 15 15 
w 100 160 15 50
w 145 195 15 15  
w 195 195 15 15   
w 240 195 15 15
w 290 195 50 15     
w 370 195 15 15
w 465 195 15 65    
w 100 240 15 65
w 145 240 15 15    
w 195 240 15 65 
w 240 240 30 65
w 305 240 30 65
w 370 240 15 65 
w 420 240 15 15  
w 145 290 15 15 
w 420 290 15 65  
w 455 290 15 15 
w 455 330 15 15  
w 100 330 65 15 
w 195 330 15 15  
w 240 330 15 15  
w 290 330 50 15  
w 370 330 50 15  
w 100 355 15 50
w 145 385 15 15 
w 195 385 65 15   
w 290 385 50 15  
w 370 385 15 15  
w 420 385 15 15   
w 465 385 15 65   
w 65 435 50 15  
w 145 435 50 15   
w 225 435 30 15   
w 290 435 50 15   
w 370 435 95 15    
w 65 480 450 15    