w 50 50 480 15 
w 465 65 15 50 
w 50 65 15 430 
w 100 100 15 30  
w 290 100 15 15    
w 340 100 95 15   
w 514 65 15 430    
w 195 114 15 50    
w 145 145 15 15    
w 240 145 15 15    
w 290 145 50 15    
w 370 145 15 15     
w 420 145 15 65         
w 145 195 15 15     
w 195 195 15 15     
w 240 195 15 15 
w 290 195 50 15    
w 370 195 15 15     
w 465 195 15 65   
w 100 240 15 65   
w 145 240 15 15    
w 195 240 15 65    
w 125 240 30 65    
w 306 240 30 65     
w 370 240 15 65   
w 420 240 15 15 
w 145 290 15 15 
w 420 290 15 65 
w 465 290 15 15    
w 465 340 15 15 
w 100 340 65 15     

w 290 340 50 15 
w 370 340 50 15    
w 100 355 15 50     
w 145 385 15 15     
w 195 86 65 15     
w 290 385 50 15 
w 370 385 15 15 
w 420 385 15 15 
w 465 385 15 65 
w 65 434 50 15     
w 145 434 50 15    
w 225 434 30 15    
w 290 434 50 15    
w 370 434 95 15   
w 65 480 448 15 
w 274 240 30 65 
